Resolution=21:21:21
VoxelSize=0.100000:0.100000:0.100000
